98000,61392,1,0
98000,61390,2,0
98000,61388,3,0
98000,61386,4,0
98000,61384,5,0
98000,61382,6,0
98000,61380,7,0
98000,61378,8,0
98000,61376,9,0
98000,61374,10,0
98000,61372,11,0
98000,61370,12,0
98000,61368,13,0
98000,61366,14,0
98000,61364,15,0
98000,61394,16,1
98001,61393,1,0
98001,61363,2,0
98001,61365,3,0
98001,61367,4,0
98001,61369,5,0
98001,61371,6,0
98001,61373,7,0
98001,61375,8,0
98001,61377,9,0
98001,61379,10,0
98001,61387,11,0
98001,61389,12,0
98001,61391,13,0
98001,61381,14,0
98001,61383,15,0
98001,61385,16,1
99100,60825,1,0
99100,60823,2,0
99100,60821,3,0
99100,60819,4,0
99100,60817,5,0
99100,60815,6,0
99100,60813,7,0
99100,60811,8,0
99100,60809,9,0
99100,60807,10,0
99100,60805,11,0
99100,60086,12,0
99100,60088,13,0
99100,60090,14,0
99100,60092,15,0
99100,60094,16,0
99100,60096,17,1
99101,60095,1,0
99101,60093,2,0
99101,60091,3,0
99101,60089,4,0
99101,60087,5,0
99101,60085,6,0
99101,60084,7,0
99101,60806,8,0
99101,60808,9,0
99101,60810,10,0
99101,60812,11,0
99101,60814,12,0
99101,60816,13,0
99101,60818,14,0
99101,60820,15,0
99101,60822,16,0
99101,60824,17,1
99200,57964,1,0
99200,60826,2,0
99200,57966,3,0
99200,57967,4,0
99200,57968,5,0
99200,57969,6,0
99200,57970,7,0
99200,57971,8,0
99200,57972,9,0
99200,57973,10,0
99200,57974,11,0
99200,57975,12,0
99200,57976,13,0
99200,57977,14,0
99200,57978,15,0
99200,57979,16,0
99200,57980,17,0
99200,57981,18,0
99200,57982,19,0
99200,57983,20,0
99200,60801,21,0
99200,60803,22,0
99200,60804,23,0
99200,60806,24,1
99201,60807,1,0
99201,60805,2,0
99201,60802,3,0
99201,60800,4,0
99201,57984,5,0
99201,57985,6,0
99201,57986,7,0
99201,57987,8,0
99201,57988,9,0
99201,57989,10,0
99201,57990,11,0
99201,57991,12,0
99201,57992,13,0
99201,57993,14,0
99201,57994,15,0
99201,57995,16,0
99201,57996,17,0
99201,57997,18,0
99201,57998,19,0
99201,57999,20,0
99201,58000,21,0
99201,58001,22,0
99201,58002,23,0
99201,58003,24,1
