1368600,11301,1,0
1368600,11299,2,0
1368600,11297,3,0
1368600,11295,4,0
1368600,11293,5,0
1368600,11291,6,0
1368600,12946,7,0
1368600,11289,8,0
1368600,11287,9,0
1368600,11285,10,0
1368600,11283,11,0
1368600,11281,12,0
1368600,11279,13,0
1368600,11277,14,0
1368600,11275,15,0
1368600,11273,16,0
1368600,11303,17,1
1368601,11302,1,0
1368601,11272,2,0
1368601,11274,3,0
1368601,11276,4,0
1368601,11278,5,0
1368601,11280,6,0
1368601,11282,7,0
1368601,11284,8,0
1368601,11286,9,0
1368601,11288,10,0
1368601,12947,11,0
1368601,11290,12,0
1368601,11292,13,0
1368601,11294,14,1
1368601,11296,15,0
1368601,11298,16,0
1368601,11300,17,1
3005200,10374,1,0
3005200,8763,2,0
3005200,8762,3,0
3005200,8761,4,0
3005200,8760,5,0
3005200,8759,6,0
3005200,8758,7,0
3005200,8757,8,0
3005200,9511,9,0
3005200,8756,10,0
3005200,8755,11,0
3005200,12229,12,0
3005200,12231,13,0
3005200,12233,14,0
3005200,12235,15,0
3005200,12237,16,0
3005200,12239,17,1
3005201,12238,1,0
3005201,12236,2,0
3005201,12234,3,0
3005201,12232,4,0
3005201,12230,5,0
3005201,12228,6,0
3005201,12227,7,0
3005201,8747,8,0
3005201,9510,9,0
3005201,8748,10,0
3005201,8749,11,0
3005201,8750,12,0
3005201,8751,13,0
3005201,8752,14,0
3005201,8753,15,0
3005201,8754,16,0
3005201,10375,17,1
3005300,8039,1,0
3005300,8040,2,0
3005300,8041,3,0
3005300,8042,4,0
3005300,8043,5,0
3005300,8044,6,0
3005300,8045,7,0
3005300,8046,8,0
3005300,8047,9,0
3005300,8048,10,0
3005300,8049,11,0
3005300,8050,12,0
3005300,8051,13,0
3005300,8052,14,0
3005300,8053,15,0
3005300,8054,16,0
3005300,8055,17,0
3005300,8056,18,0
3005300,8057,19,0
3005300,8058,20,1
3005300,8580,21,0
3005300,8578,22,0
3005300,8746,23,0
3005300,8747,24,1
3005301,8756,1,0
3005301,8755,2,0
3005301,8577,3,0
3005301,8579,4,0
3005301,8059,5,0
3005301,8060,6,0
3005301,8061,7,0
3005301,8062,8,0
3005301,8063,9,0
3005301,8064,10,0
3005301,8065,11,0
3005301,8066,12,0
3005301,8067,13,0
3005301,8068,14,0
3005301,8069,15,0
3005301,8070,16,0
3005301,8071,17,0
3005301,8072,18,0
3005301,8073,19,0
3005301,8074,20,0
3005301,8075,21,0
3005301,8076,22,0
3005301,8077,23,0
3005301,8078,24,1
