98000,1011301,1,0
98000,1011299,2,0
98000,1011297,3,0
98000,1011295,4,0
98000,1011293,5,0
98000,1011291,6,0
98000,1011289,7,0
98000,1011287,8,0
98000,1011285,9,0
98000,1011283,10,0
98000,1011281,11,0
98000,1011279,12,0
98000,1011277,13,0
98000,1011275,14,0
98000,1011273,15,0
98000,1011303,16,1
98001,1011302,1,0
98001,1011272,2,0
98001,1011274,3,0
98001,1011276,4,0
98001,1011278,5,0
98001,1011280,6,0
98001,1011282,7,0
98001,1011284,8,0
98001,1011286,9,0
98001,1011288,10,0
98001,1011296,11,0
98001,1011298,12,0
98001,1011300,13,0
98001,1011290,14,0
98001,1011292,15,0
98001,1011294,16,1
99100,1010374,1,0
99100,1008763,2,0
99100,1008762,3,0
99100,1008761,4,0
99100,1008760,5,0
99100,1008759,6,0
99100,1008758,7,0
99100,1008757,8,0
99100,1009511,9,0
99100,1008756,10,0
99100,1008755,11,0
99100,1012229,12,0
99100,1012231,13,0
99100,1012233,14,0
99100,1012235,15,0
99100,1012237,16,0
99100,1012239,17,1
99101,1012238,1,0
99101,1012236,2,0
99101,1012234,3,0
99101,1012232,4,0
99101,1012230,5,0
99101,1012228,6,0
99101,1012227,7,0
99101,1008747,8,0
99101,1009510,9,0
99101,1008748,10,0
99101,1008749,11,0
99101,1008750,12,0
99101,1008751,13,0
99101,1008752,14,0
99101,1008753,15,0
99101,1008754,16,0
99101,1010375,17,1
99200,1008039,1,0
99200,1008040,2,0
99200,1008041,3,0
99200,1008042,4,0
99200,1008043,5,0
99200,1008044,6,0
99200,1008045,7,0
99200,1008046,8,0
99200,1008047,9,0
99200,1008048,10,0
99200,1008049,11,0
99200,1008050,12,0
99200,1008051,13,0
99200,1008052,14,0
99200,1008053,15,0
99200,1008054,16,0
99200,1008055,17,0
99200,1008056,18,0
99200,1008057,19,0
99200,1008058,20,0
99200,1008580,21,0
99200,1008578,22,0
99200,1008746,23,0
99200,1008747,24,1
99201,1008756,1,0
99201,1008755,2,0
99201,1008577,3,0
99201,1008579,4,0
99201,1008059,5,0
99201,1008060,6,0
99201,1008061,7,0
99201,1008062,8,0
99201,1008063,9,0
99201,1008064,10,0
99201,1008065,11,0
99201,1008066,12,0
99201,1008067,13,0
99201,1008068,14,0
99201,1008069,15,0
99201,1008070,16,0
99201,1008071,17,0
99201,1008072,18,0
99201,1008073,19,0
99201,1008074,20,0
99201,1008075,21,0
99201,1008076,22,0
99201,1008077,23,0
99201,1008078,24,1
